	E-DS-623	E-JT-526	E-LS-526	E-CR-2016	E-TL-2016	E-VP-2016	E-DS-428	E-TL-Aug-2014	E-SOG-3619	E-SOG-6527	E-SOG-5527	E-TL-Jul-2014	E-SOG-5619	E-CB-2016	E-SOG-2527	E-LH-2016	E-BP-2016	E-PM-Aug-2013	E-TI-2014	E-SOG-6424	E-SOG-1619	E-JP-2016	E-SOG-2619	E-FR-2014	E-LS-428	E-SOG-7424	E-WV-Aug-2014	E-WC-2016	E-SOG-1527	E-WV-7-2014	E-LS-623	E-TB-2016	E-PM-Jula-2014	E-PM-7-2014	E-MT-526	E-Tca-2014	E-WP-526	E-PM-2016	E-SOG-4424	E-WP-623	E-SOG-4527	E-WP-428	E-JT-428	E-DU-2016	E-SOG-1424	E-JT-623	E-DU-7-2014	E-BL-2016	E-DU-Jula-2014	E-MT-623	E-MT-428	E-TC-2014	E-TL-7-2014	E-SOG-3527	E-SOG-3424	E-SOG-2424	E-SOG-6619	E-SOG-5424
E-DS-623	0.0	0.48	0.423	0.845	0.814	0.973	0.51	0.834	0.862	0.999	0.935	0.824	0.941	1.0	0.54	0.911	0.853	1.0	0.999	0.919	0.449	0.971	0.478	0.503	0.53	0.982	0.995	0.901	0.684	0.995	0.405	0.997	1.0	1.0	0.482	0.81	0.449	0.987	0.637	0.38	0.676	0.505	0.52	0.832	0.925	0.395	0.986	0.742	0.992	0.453	0.523	1.0	0.804	0.451	0.596	0.701	1.0	0.896
E-JT-526	0.48	0.0	0.373	0.842	0.788	0.972	0.44	0.82	0.871	0.998	0.939	0.788	0.949	0.998	0.455	0.911	0.86	0.998	0.998	0.911	0.479	0.973	0.535	0.559	0.449	0.983	0.993	0.912	0.624	0.994	0.491	0.995	0.998	0.998	0.404	0.766	0.372	0.986	0.577	0.468	0.668	0.423	0.442	0.836	0.919	0.456	0.986	0.723	0.99	0.476	0.421	0.998	0.792	0.388	0.504	0.661	0.998	0.883
E-LS-526	0.423	0.373	0.0	0.836	0.776	0.973	0.381	0.808	0.873	1.0	0.941	0.78	0.953	1.0	0.417	0.91	0.859	1.0	1.0	0.919	0.465	0.975	0.491	0.541	0.435	0.984	0.994	0.907	0.609	0.993	0.423	0.997	1.0	1.0	0.377	0.742	0.342	0.987	0.567	0.46	0.657	0.387	0.402	0.835	0.92	0.441	0.984	0.727	0.99	0.487	0.41	1.0	0.757	0.362	0.482	0.65	1.0	0.883
E-CR-2016	0.845	0.842	0.836	0.0	0.878	0.975	0.814	0.845	0.945	0.998	0.969	0.883	0.969	0.999	0.825	0.954	0.938	0.999	0.998	0.961	0.816	0.977	0.817	0.842	0.836	0.985	0.995	0.957	0.886	0.995	0.823	0.996	0.999	0.999	0.813	0.909	0.846	0.993	0.865	0.852	0.894	0.844	0.828	0.926	0.964	0.823	0.994	0.838	0.994	0.863	0.875	0.999	0.911	0.852	0.834	0.88	0.999	0.953
E-TL-2016	0.814	0.788	0.776	0.878	0.0	0.988	0.769	0.765	0.955	0.998	0.968	0.769	0.975	1.0	0.742	0.946	0.935	1.0	1.0	0.973	0.771	0.985	0.803	0.801	0.786	0.991	0.997	0.969	0.847	0.993	0.791	0.998	1.0	1.0	0.761	0.739	0.779	0.995	0.848	0.796	0.841	0.794	0.795	0.916	0.965	0.79	0.986	0.57	0.991	0.797	0.809	1.0	0.756	0.769	0.788	0.861	0.999	0.957
E-VP-2016	0.973	0.972	0.973	0.975	0.988	0.0	0.976	0.991	0.743	0.778	0.814	0.986	0.714	0.629	0.902	0.348	0.373	0.671	0.757	0.734	0.918	0.315	0.846	0.972	0.97	0.72	0.618	0.486	0.656	0.592	0.969	0.316	0.541	0.591	0.971	0.989	0.966	0.365	0.842	0.971	0.694	0.965	0.959	0.45	0.757	0.963	0.603	0.984	0.514	0.973	0.977	0.647	0.99	0.97	0.904	0.79	0.859	0.727
E-DS-428	0.51	0.44	0.381	0.814	0.769	0.976	0.0	0.806	0.896	0.998	0.939	0.778	0.952	0.999	0.445	0.915	0.868	0.999	0.999	0.914	0.48	0.977	0.528	0.561	0.381	0.982	0.995	0.918	0.632	0.994	0.481	0.996	0.998	0.999	0.411	0.744	0.434	0.987	0.514	0.524	0.657	0.369	0.357	0.842	0.915	0.494	0.987	0.707	0.991	0.541	0.393	0.999	0.761	0.42	0.418	0.611	0.999	0.88
E-TL-Aug-2014	0.834	0.82	0.808	0.845	0.765	0.991	0.806	0.0	0.958	0.999	0.978	0.745	0.98	1.0	0.775	0.961	0.943	1.0	1.0	0.974	0.815	0.992	0.851	0.839	0.821	0.992	0.997	0.979	0.866	0.996	0.812	1.0	0.999	1.0	0.807	0.668	0.819	0.999	0.862	0.837	0.866	0.815	0.829	0.955	0.972	0.83	0.995	0.836	0.997	0.864	0.838	1.0	0.683	0.814	0.825	0.865	1.0	0.96
E-SOG-3619	0.862	0.871	0.873	0.945	0.955	0.743	0.896	0.958	0.0	0.801	0.762	0.941	0.7	0.807	0.832	0.736	0.726	0.865	0.912	0.823	0.814	0.741	0.747	0.882	0.881	0.832	0.826	0.648	0.752	0.816	0.868	0.783	0.809	0.826	0.879	0.953	0.871	0.771	0.826	0.866	0.777	0.894	0.879	0.711	0.837	0.855	0.845	0.933	0.773	0.868	0.905	0.873	0.955	0.862	0.852	0.788	0.85	0.813
E-SOG-6527	0.999	0.998	1.0	0.998	0.998	0.778	0.998	0.999	0.801	0.0	0.481	1.0	0.488	0.833	0.952	0.842	0.846	0.855	0.937	0.751	0.947	0.826	0.903	0.999	0.994	0.771	0.823	0.814	0.867	0.861	0.998	0.794	0.839	0.893	0.998	1.0	0.994	0.84	0.88	0.999	0.881	0.987	0.979	0.852	0.8	0.989	0.903	1.0	0.844	0.998	1.0	0.895	1.0	0.989	0.926	0.831	0.53	0.779
E-SOG-5527	0.935	0.939	0.941	0.969	0.968	0.814	0.939	0.978	0.762	0.481	0.0	0.974	0.468	0.871	0.896	0.836	0.845	0.86	0.944	0.792	0.897	0.841	0.876	0.947	0.938	0.807	0.849	0.772	0.85	0.899	0.941	0.837	0.851	0.916	0.942	0.974	0.936	0.85	0.86	0.942	0.849	0.936	0.933	0.828	0.819	0.938	0.922	0.96	0.859	0.947	0.95	0.919	0.978	0.936	0.897	0.819	0.447	0.808
E-TL-Jul-2014	0.824	0.788	0.78	0.883	0.769	0.986	0.778	0.745	0.941	1.0	0.974	0.0	0.975	1.0	0.766	0.946	0.926	1.0	1.0	0.966	0.812	0.985	0.826	0.829	0.797	0.992	0.995	0.973	0.833	0.993	0.775	0.999	1.0	1.0	0.784	0.697	0.785	0.998	0.839	0.83	0.858	0.801	0.802	0.934	0.97	0.819	0.992	0.85	0.993	0.835	0.817	1.0	0.728	0.793	0.799	0.856	1.0	0.947
E-SOG-5619	0.941	0.949	0.953	0.969	0.975	0.714	0.952	0.98	0.7	0.488	0.468	0.975	0.0	0.819	0.912	0.748	0.763	0.85	0.925	0.769	0.886	0.742	0.841	0.945	0.949	0.756	0.8	0.717	0.837	0.81	0.946	0.747	0.809	0.83	0.951	0.978	0.947	0.753	0.868	0.942	0.862	0.938	0.94	0.746	0.802	0.935	0.844	0.966	0.772	0.945	0.955	0.864	0.976	0.949	0.886	0.806	0.447	0.782
E-CB-2016	1.0	0.998	1.0	0.999	1.0	0.629	0.999	1.0	0.807	0.833	0.871	1.0	0.819	0.0	0.951	0.641	0.653	0.745	0.562	0.811	0.95	0.619	0.909	0.998	0.997	0.785	0.773	0.694	0.767	0.668	0.999	0.633	0.644	0.554	1.0	1.0	0.994	0.584	0.895	0.999	0.814	0.99	0.991	0.696	0.837	0.993	0.765	1.0	0.735	0.999	1.0	0.525	1.0	0.998	0.947	0.846	0.923	0.799
E-SOG-2527	0.54	0.455	0.417	0.825	0.742	0.902	0.445	0.775	0.832	0.952	0.896	0.766	0.912	0.951	0.0	0.84	0.786	0.958	0.954	0.873	0.466	0.91	0.476	0.613	0.471	0.934	0.941	0.849	0.562	0.925	0.487	0.931	0.953	0.95	0.416	0.706	0.459	0.929	0.55	0.526	0.58	0.44	0.436	0.772	0.868	0.527	0.926	0.719	0.93	0.575	0.491	0.95	0.751	0.398	0.47	0.613	0.978	0.846
E-LH-2016	0.911	0.911	0.91	0.954	0.946	0.348	0.915	0.961	0.736	0.842	0.836	0.946	0.748	0.641	0.84	0.0	0.301	0.761	0.737	0.735	0.859	0.358	0.803	0.914	0.908	0.753	0.711	0.504	0.58	0.553	0.911	0.394	0.631	0.576	0.912	0.949	0.909	0.375	0.794	0.907	0.599	0.911	0.904	0.365	0.757	0.903	0.563	0.927	0.547	0.92	0.921	0.642	0.951	0.909	0.852	0.751	0.907	0.707
E-BP-2016	0.853	0.86	0.859	0.938	0.935	0.373	0.868	0.943	0.726	0.846	0.845	0.926	0.763	0.653	0.786	0.301	0.0	0.782	0.745	0.737	0.828	0.38	0.759	0.873	0.846	0.759	0.721	0.494	0.581	0.584	0.855	0.411	0.649	0.593	0.872	0.947	0.86	0.395	0.759	0.855	0.613	0.861	0.847	0.344	0.765	0.861	0.59	0.912	0.57	0.878	0.868	0.674	0.944	0.863	0.809	0.734	0.909	0.717
E-PM-Aug-2013	1.0	0.998	1.0	0.999	1.0	0.671	0.999	1.0	0.865	0.855	0.86	1.0	0.85	0.745	0.958	0.761	0.782	0.0	0.78	0.864	0.95	0.679	0.907	0.999	0.996	0.86	0.538	0.784	0.82	0.715	1.0	0.654	0.517	0.755	1.0	1.0	0.997	0.758	0.923	1.0	0.842	0.993	0.984	0.778	0.861	0.989	0.769	1.0	0.661	0.998	1.0	0.717	1.0	0.998	0.949	0.875	0.901	0.864
E-TI-2014	0.999	0.998	1.0	0.998	1.0	0.757	0.999	1.0	0.912	0.937	0.944	1.0	0.925	0.562	0.954	0.737	0.745	0.78	0.0	0.919	0.958	0.746	0.932	0.998	0.996	0.921	0.825	0.814	0.789	0.663	1.0	0.749	0.749	0.648	1.0	1.0	0.997	0.684	0.943	1.0	0.817	0.994	0.992	0.76	0.92	0.993	0.742	1.0	0.781	0.998	1.0	0.476	0.998	0.998	0.968	0.922	0.963	0.914
E-SOG-6424	0.919	0.911	0.919	0.961	0.973	0.734	0.914	0.974	0.823	0.751	0.792	0.966	0.769	0.811	0.873	0.735	0.737	0.864	0.919	0.0	0.862	0.752	0.822	0.923	0.907	0.393	0.803	0.771	0.679	0.813	0.921	0.741	0.83	0.827	0.921	0.966	0.913	0.765	0.696	0.919	0.712	0.894	0.891	0.732	0.541	0.908	0.851	0.957	0.822	0.913	0.916	0.852	0.965	0.904	0.826	0.6	0.883	0.323
E-SOG-1619	0.449	0.479	0.465	0.816	0.771	0.918	0.48	0.815	0.814	0.947	0.897	0.812	0.886	0.95	0.466	0.859	0.828	0.95	0.958	0.862	0.0	0.918	0.435	0.518	0.513	0.925	0.938	0.849	0.609	0.948	0.458	0.944	0.954	0.943	0.452	0.78	0.446	0.94	0.575	0.438	0.594	0.474	0.507	0.801	0.863	0.407	0.943	0.71	0.944	0.481	0.541	0.953	0.771	0.43	0.524	0.624	0.963	0.83
E-JP-2016	0.971	0.973	0.975	0.977	0.985	0.315	0.977	0.992	0.741	0.826	0.841	0.985	0.742	0.619	0.91	0.358	0.38	0.679	0.746	0.752	0.918	0.0	0.851	0.97	0.969	0.745	0.654	0.455	0.684	0.553	0.971	0.359	0.565	0.567	0.975	0.987	0.97	0.331	0.859	0.972	0.686	0.965	0.956	0.413	0.774	0.96	0.588	0.984	0.527	0.969	0.978	0.666	0.989	0.968	0.902	0.804	0.889	0.741
E-SOG-2619	0.478	0.535	0.491	0.817	0.803	0.846	0.528	0.851	0.747	0.903	0.876	0.826	0.841	0.909	0.476	0.803	0.759	0.907	0.932	0.822	0.435	0.851	0.0	0.547	0.539	0.874	0.879	0.795	0.581	0.893	0.494	0.879	0.895	0.903	0.482	0.828	0.507	0.88	0.554	0.487	0.578	0.507	0.514	0.744	0.831	0.426	0.894	0.77	0.877	0.523	0.565	0.918	0.821	0.482	0.524	0.592	0.942	0.798
E-FR-2014	0.503	0.559	0.541	0.842	0.801	0.972	0.561	0.839	0.882	0.999	0.947	0.829	0.945	0.998	0.613	0.914	0.873	0.999	0.998	0.923	0.518	0.97	0.547	0.0	0.602	0.98	0.992	0.908	0.697	0.99	0.503	0.996	0.999	0.997	0.54	0.81	0.532	0.986	0.663	0.498	0.706	0.579	0.59	0.854	0.925	0.459	0.981	0.703	0.986	0.517	0.6	0.998	0.793	0.532	0.617	0.706	0.999	0.895
E-LS-428	0.53	0.449	0.435	0.836	0.786	0.97	0.381	0.821	0.881	0.994	0.938	0.797	0.949	0.997	0.471	0.908	0.846	0.996	0.996	0.907	0.513	0.969	0.539	0.602	0.0	0.977	0.991	0.914	0.638	0.99	0.503	0.989	0.996	0.997	0.464	0.756	0.456	0.982	0.534	0.539	0.658	0.382	0.378	0.833	0.9	0.523	0.981	0.72	0.984	0.572	0.396	0.999	0.789	0.455	0.422	0.607	0.997	0.874
E-SOG-7424	0.982	0.983	0.984	0.985	0.991	0.72	0.982	0.992	0.832	0.771	0.807	0.992	0.756	0.785	0.934	0.753	0.759	0.86	0.921	0.393	0.925	0.745	0.874	0.98	0.977	0.0	0.796	0.751	0.784	0.841	0.983	0.748	0.816	0.83	0.983	0.991	0.98	0.759	0.766	0.981	0.827	0.969	0.956	0.766	0.591	0.972	0.873	0.989	0.825	0.985	0.984	0.845	0.991	0.972	0.887	0.68	0.85	0.423
E-WV-Aug-2014	0.995	0.993	0.994	0.995	0.997	0.618	0.995	0.997	0.826	0.823	0.849	0.995	0.8	0.773	0.941	0.711	0.721	0.538	0.825	0.803	0.938	0.654	0.879	0.992	0.991	0.796	0.0	0.777	0.82	0.666	0.994	0.6	0.509	0.78	0.995	0.996	0.991	0.745	0.897	0.994	0.823	0.983	0.974	0.742	0.821	0.984	0.69	0.996	0.585	0.992	0.995	0.732	0.997	0.992	0.932	0.838	0.878	0.804
E-WC-2016	0.901	0.912	0.907	0.957	0.969	0.486	0.918	0.979	0.648	0.814	0.772	0.973	0.717	0.694	0.849	0.504	0.494	0.784	0.814	0.771	0.849	0.455	0.795	0.908	0.914	0.751	0.777	0.0	0.663	0.703	0.896	0.551	0.699	0.695	0.906	0.976	0.905	0.458	0.835	0.902	0.677	0.915	0.908	0.467	0.811	0.891	0.715	0.955	0.649	0.908	0.922	0.783	0.976	0.907	0.862	0.79	0.866	0.755
E-SOG-1527	0.684	0.624	0.609	0.886	0.847	0.656	0.632	0.866	0.752	0.867	0.85	0.833	0.837	0.767	0.562	0.58	0.581	0.82	0.789	0.679	0.609	0.684	0.581	0.697	0.638	0.784	0.82	0.663	0.0	0.754	0.649	0.683	0.767	0.744	0.627	0.823	0.621	0.668	0.553	0.673	0.389	0.634	0.625	0.574	0.694	0.663	0.779	0.807	0.773	0.689	0.656	0.748	0.828	0.608	0.594	0.531	0.95	0.638
E-WV-7-2014	0.995	0.994	0.993	0.995	0.993	0.592	0.994	0.996	0.816	0.861	0.899	0.993	0.81	0.668	0.925	0.553	0.584	0.715	0.663	0.813	0.948	0.553	0.893	0.99	0.99	0.841	0.666	0.703	0.754	0.0	0.99	0.544	0.587	0.536	0.995	0.996	0.992	0.593	0.906	0.996	0.719	0.987	0.981	0.595	0.841	0.987	0.445	0.997	0.501	0.993	0.995	0.573	0.995	0.992	0.942	0.863	0.929	0.824
E-LS-623	0.405	0.491	0.423	0.823	0.791	0.969	0.481	0.812	0.868	0.998	0.941	0.775	0.946	0.999	0.487	0.911	0.855	1.0	1.0	0.921	0.458	0.971	0.494	0.503	0.503	0.983	0.994	0.896	0.649	0.99	0.0	0.995	0.999	1.0	0.438	0.754	0.435	0.989	0.622	0.445	0.665	0.487	0.488	0.837	0.933	0.448	0.982	0.693	0.99	0.513	0.518	1.0	0.761	0.442	0.563	0.677	0.998	0.899
E-TB-2016	0.997	0.995	0.997	0.996	0.998	0.316	0.996	1.0	0.783	0.794	0.837	0.999	0.747	0.633	0.931	0.394	0.411	0.654	0.749	0.741	0.944	0.359	0.879	0.996	0.989	0.748	0.6	0.551	0.683	0.544	0.995	0.0	0.538	0.61	0.996	0.999	0.993	0.442	0.863	0.995	0.692	0.986	0.975	0.466	0.766	0.987	0.541	0.997	0.466	0.994	0.997	0.671	0.999	0.994	0.921	0.804	0.856	0.744
E-PM-Jula-2014	1.0	0.998	1.0	0.999	1.0	0.541	0.998	0.999	0.809	0.839	0.851	1.0	0.809	0.644	0.953	0.631	0.649	0.517	0.749	0.83	0.954	0.565	0.895	0.999	0.996	0.816	0.509	0.699	0.767	0.587	0.999	0.538	0.0	0.682	0.999	1.0	0.996	0.615	0.91	1.0	0.785	0.993	0.984	0.677	0.846	0.989	0.658	1.0	0.528	0.999	1.0	0.639	0.999	0.998	0.946	0.865	0.898	0.824
E-PM-7-2014	1.0	0.998	1.0	0.999	1.0	0.591	0.999	1.0	0.826	0.893	0.916	1.0	0.83	0.554	0.95	0.576	0.593	0.755	0.648	0.827	0.943	0.567	0.903	0.997	0.997	0.83	0.78	0.695	0.744	0.536	1.0	0.61	0.682	0.0	1.0	1.0	0.995	0.524	0.906	0.999	0.779	0.992	0.992	0.64	0.858	0.994	0.661	0.998	0.687	0.999	1.0	0.501	0.998	0.999	0.947	0.876	0.948	0.831
E-MT-526	0.482	0.404	0.377	0.813	0.761	0.971	0.411	0.807	0.879	0.998	0.942	0.784	0.951	1.0	0.416	0.912	0.872	1.0	1.0	0.921	0.452	0.975	0.482	0.54	0.464	0.983	0.995	0.906	0.627	0.995	0.438	0.996	0.999	1.0	0.0	0.746	0.35	0.988	0.58	0.458	0.651	0.422	0.43	0.843	0.917	0.446	0.988	0.7	0.993	0.505	0.465	1.0	0.76	0.371	0.471	0.658	0.999	0.888
E-Tca-2014	0.81	0.766	0.742	0.909	0.739	0.989	0.744	0.668	0.953	1.0	0.974	0.697	0.978	1.0	0.706	0.949	0.947	1.0	1.0	0.966	0.78	0.987	0.828	0.81	0.756	0.991	0.996	0.976	0.823	0.996	0.754	0.999	1.0	1.0	0.746	0.0	0.776	0.999	0.837	0.818	0.849	0.742	0.757	0.936	0.969	0.807	0.996	0.779	0.994	0.827	0.78	1.0	0.267	0.757	0.765	0.864	1.0	0.954
E-WP-526	0.449	0.372	0.342	0.846	0.779	0.966	0.434	0.819	0.871	0.994	0.936	0.785	0.947	0.994	0.459	0.909	0.86	0.997	0.997	0.913	0.446	0.97	0.507	0.532	0.456	0.98	0.991	0.905	0.621	0.992	0.435	0.993	0.996	0.995	0.35	0.776	0.0	0.985	0.583	0.421	0.648	0.429	0.441	0.837	0.919	0.437	0.985	0.698	0.988	0.472	0.435	0.997	0.774	0.349	0.492	0.656	0.994	0.889
E-PM-2016	0.987	0.986	0.987	0.993	0.995	0.365	0.987	0.999	0.771	0.84	0.85	0.998	0.753	0.584	0.929	0.375	0.395	0.758	0.684	0.765	0.94	0.331	0.88	0.986	0.982	0.759	0.745	0.458	0.668	0.593	0.989	0.442	0.615	0.524	0.988	0.999	0.985	0.0	0.87	0.986	0.706	0.979	0.975	0.446	0.801	0.98	0.638	0.993	0.596	0.986	0.988	0.616	0.998	0.985	0.922	0.814	0.904	0.755
E-SOG-4424	0.637	0.577	0.567	0.865	0.848	0.842	0.514	0.862	0.826	0.88	0.86	0.839	0.868	0.895	0.55	0.794	0.759	0.923	0.943	0.696	0.575	0.859	0.554	0.663	0.534	0.766	0.897	0.835	0.553	0.906	0.622	0.863	0.91	0.906	0.58	0.837	0.583	0.87	0.0	0.642	0.592	0.504	0.502	0.756	0.681	0.615	0.907	0.809	0.905	0.664	0.559	0.913	0.845	0.575	0.443	0.428	0.937	0.659
E-WP-623	0.38	0.468	0.46	0.852	0.796	0.971	0.524	0.837	0.866	0.999	0.942	0.83	0.942	0.999	0.526	0.907	0.855	1.0	1.0	0.919	0.438	0.972	0.487	0.498	0.539	0.981	0.994	0.902	0.673	0.996	0.445	0.995	1.0	0.999	0.458	0.818	0.421	0.986	0.642	0.0	0.656	0.518	0.533	0.841	0.927	0.389	0.984	0.738	0.993	0.402	0.496	1.0	0.811	0.452	0.582	0.699	0.999	0.895
E-SOG-4527	0.676	0.668	0.657	0.894	0.841	0.694	0.657	0.866	0.777	0.881	0.849	0.858	0.862	0.814	0.58	0.599	0.613	0.842	0.817	0.712	0.594	0.686	0.578	0.706	0.658	0.827	0.823	0.677	0.389	0.719	0.665	0.692	0.785	0.779	0.651	0.849	0.648	0.706	0.592	0.656	0.0	0.661	0.653	0.561	0.745	0.647	0.718	0.805	0.762	0.672	0.688	0.789	0.856	0.626	0.618	0.583	0.949	0.701
E-WP-428	0.505	0.423	0.387	0.844	0.794	0.965	0.369	0.815	0.894	0.987	0.936	0.801	0.938	0.99	0.44	0.911	0.861	0.993	0.994	0.894	0.474	0.965	0.507	0.579	0.382	0.969	0.983	0.915	0.634	0.987	0.487	0.986	0.993	0.992	0.422	0.742	0.429	0.979	0.504	0.518	0.661	0.0	0.323	0.834	0.899	0.475	0.982	0.733	0.986	0.544	0.359	0.993	0.78	0.397	0.4	0.605	0.991	0.866
E-JT-428	0.52	0.442	0.402	0.828	0.795	0.959	0.357	0.829	0.879	0.979	0.933	0.802	0.94	0.991	0.436	0.904	0.847	0.984	0.992	0.891	0.507	0.956	0.514	0.59	0.378	0.956	0.974	0.908	0.625	0.981	0.488	0.975	0.984	0.992	0.43	0.757	0.441	0.975	0.502	0.533	0.653	0.323	0.0	0.825	0.882	0.508	0.981	0.741	0.975	0.568	0.404	0.993	0.782	0.429	0.388	0.591	0.983	0.86
E-DU-2016	0.832	0.836	0.835	0.926	0.916	0.45	0.842	0.955	0.711	0.852	0.828	0.934	0.746	0.696	0.772	0.365	0.344	0.778	0.76	0.732	0.801	0.413	0.744	0.854	0.833	0.766	0.742	0.467	0.574	0.595	0.837	0.466	0.677	0.64	0.843	0.936	0.837	0.446	0.756	0.841	0.561	0.834	0.825	0.0	0.77	0.841	0.577	0.896	0.572	0.853	0.85	0.717	0.937	0.845	0.793	0.717	0.902	0.719
E-SOG-1424	0.925	0.919	0.92	0.964	0.965	0.757	0.915	0.972	0.837	0.8	0.819	0.97	0.802	0.837	0.868	0.757	0.765	0.861	0.92	0.541	0.863	0.774	0.831	0.925	0.9	0.591	0.821	0.811	0.694	0.841	0.933	0.766	0.846	0.858	0.917	0.969	0.919	0.801	0.681	0.927	0.745	0.899	0.882	0.77	0.0	0.911	0.864	0.957	0.841	0.923	0.915	0.86	0.972	0.902	0.813	0.575	0.895	0.513
E-JT-623	0.395	0.456	0.441	0.823	0.79	0.963	0.494	0.83	0.855	0.989	0.938	0.819	0.935	0.993	0.527	0.903	0.861	0.989	0.993	0.908	0.407	0.96	0.426	0.459	0.523	0.972	0.984	0.891	0.663	0.987	0.448	0.987	0.989	0.994	0.446	0.807	0.437	0.98	0.615	0.389	0.647	0.475	0.508	0.841	0.911	0.0	0.979	0.708	0.982	0.415	0.508	0.992	0.798	0.438	0.553	0.666	0.99	0.882
E-DU-7-2014	0.986	0.986	0.984	0.994	0.986	0.603	0.987	0.995	0.845	0.903	0.922	0.992	0.844	0.765	0.926	0.563	0.59	0.769	0.742	0.851	0.943	0.588	0.894	0.981	0.981	0.873	0.69	0.715	0.779	0.445	0.982	0.541	0.658	0.661	0.988	0.996	0.985	0.638	0.907	0.984	0.718	0.982	0.981	0.577	0.864	0.979	0.0	0.993	0.516	0.987	0.989	0.704	0.994	0.985	0.946	0.901	0.956	0.855
E-BL-2016	0.742	0.723	0.727	0.838	0.57	0.984	0.707	0.836	0.933	1.0	0.96	0.85	0.966	1.0	0.719	0.927	0.912	1.0	1.0	0.957	0.71	0.984	0.77	0.703	0.72	0.989	0.996	0.955	0.807	0.997	0.693	0.997	1.0	0.998	0.7	0.779	0.698	0.993	0.809	0.738	0.805	0.733	0.741	0.896	0.957	0.708	0.993	0.0	0.994	0.73	0.742	1.0	0.794	0.703	0.744	0.83	1.0	0.944
E-DU-Jula-2014	0.992	0.99	0.99	0.994	0.991	0.514	0.991	0.997	0.773	0.844	0.859	0.993	0.772	0.735	0.93	0.547	0.57	0.661	0.781	0.822	0.944	0.527	0.877	0.986	0.984	0.825	0.585	0.649	0.773	0.501	0.99	0.466	0.528	0.687	0.993	0.994	0.988	0.596	0.905	0.993	0.762	0.986	0.975	0.572	0.841	0.982	0.516	0.994	0.0	0.991	0.992	0.717	0.995	0.987	0.935	0.869	0.901	0.83
E-MT-623	0.453	0.476	0.487	0.863	0.797	0.973	0.541	0.864	0.868	0.998	0.947	0.835	0.945	0.999	0.575	0.92	0.878	0.998	0.998	0.913	0.481	0.969	0.523	0.517	0.572	0.985	0.992	0.908	0.689	0.993	0.513	0.994	0.999	0.999	0.505	0.827	0.472	0.986	0.664	0.402	0.672	0.544	0.568	0.853	0.923	0.415	0.987	0.73	0.991	0.0	0.497	1.0	0.832	0.478	0.616	0.722	0.998	0.891
E-MT-428	0.523	0.421	0.41	0.875	0.809	0.977	0.393	0.838	0.905	1.0	0.95	0.817	0.955	1.0	0.491	0.921	0.868	1.0	1.0	0.916	0.541	0.978	0.565	0.6	0.396	0.984	0.995	0.922	0.656	0.995	0.518	0.997	1.0	1.0	0.465	0.78	0.435	0.988	0.559	0.496	0.688	0.359	0.404	0.85	0.915	0.508	0.989	0.742	0.992	0.497	0.0	1.0	0.809	0.428	0.47	0.643	1.0	0.89
E-TC-2014	1.0	0.998	1.0	0.999	1.0	0.647	0.999	1.0	0.873	0.895	0.919	1.0	0.864	0.525	0.95	0.642	0.674	0.717	0.476	0.852	0.953	0.666	0.918	0.998	0.999	0.845	0.732	0.783	0.748	0.573	1.0	0.671	0.639	0.501	1.0	1.0	0.997	0.616	0.913	1.0	0.789	0.993	0.993	0.717	0.86	0.992	0.704	1.0	0.717	1.0	1.0	0.0	1.0	0.999	0.95	0.882	0.95	0.845
E-TL-7-2014	0.804	0.792	0.757	0.911	0.756	0.99	0.761	0.683	0.955	1.0	0.978	0.728	0.976	1.0	0.751	0.951	0.944	1.0	0.998	0.965	0.771	0.989	0.821	0.793	0.789	0.991	0.997	0.976	0.828	0.995	0.761	0.999	0.999	0.998	0.76	0.267	0.774	0.998	0.845	0.811	0.856	0.78	0.782	0.937	0.972	0.798	0.994	0.794	0.995	0.832	0.809	1.0	0.0	0.777	0.79	0.865	1.0	0.958
E-SOG-3527	0.451	0.388	0.362	0.852	0.769	0.97	0.42	0.814	0.862	0.989	0.936	0.793	0.949	0.998	0.398	0.909	0.863	0.998	0.998	0.904	0.43	0.968	0.482	0.532	0.455	0.972	0.992	0.907	0.608	0.992	0.442	0.994	0.998	0.999	0.371	0.757	0.349	0.985	0.575	0.452	0.626	0.397	0.429	0.845	0.902	0.438	0.985	0.703	0.987	0.478	0.428	0.999	0.777	0.0	0.477	0.646	0.997	0.883
E-SOG-3424	0.596	0.504	0.482	0.834	0.788	0.904	0.418	0.825	0.852	0.926	0.897	0.799	0.886	0.947	0.47	0.852	0.809	0.949	0.968	0.826	0.524	0.902	0.524	0.617	0.422	0.887	0.932	0.862	0.594	0.942	0.563	0.921	0.946	0.947	0.471	0.765	0.492	0.922	0.443	0.582	0.618	0.4	0.388	0.793	0.813	0.553	0.946	0.744	0.935	0.616	0.47	0.95	0.79	0.477	0.0	0.521	0.958	0.789
E-SOG-2424	0.701	0.661	0.65	0.88	0.861	0.79	0.611	0.865	0.788	0.831	0.819	0.856	0.806	0.846	0.613	0.751	0.734	0.875	0.922	0.6	0.624	0.804	0.592	0.706	0.607	0.68	0.838	0.79	0.531	0.863	0.677	0.804	0.865	0.876	0.658	0.864	0.656	0.814	0.428	0.699	0.583	0.605	0.591	0.717	0.575	0.666	0.901	0.83	0.869	0.722	0.643	0.882	0.865	0.646	0.521	0.0	0.906	0.551
E-SOG-6619	1.0	0.998	1.0	0.999	0.999	0.859	0.999	1.0	0.85	0.53	0.447	1.0	0.447	0.923	0.978	0.907	0.909	0.901	0.963	0.883	0.963	0.889	0.942	0.999	0.997	0.85	0.878	0.866	0.95	0.929	0.998	0.856	0.898	0.948	0.999	1.0	0.994	0.904	0.937	0.999	0.949	0.991	0.983	0.902	0.895	0.99	0.956	1.0	0.901	0.998	1.0	0.95	1.0	0.997	0.958	0.906	0.0	0.893
E-SOG-5424	0.896	0.883	0.883	0.953	0.957	0.727	0.88	0.96	0.813	0.779	0.808	0.947	0.782	0.799	0.846	0.707	0.717	0.864	0.914	0.323	0.83	0.741	0.798	0.895	0.874	0.423	0.804	0.755	0.638	0.824	0.899	0.744	0.824	0.831	0.888	0.954	0.889	0.755	0.659	0.895	0.701	0.866	0.86	0.719	0.513	0.882	0.855	0.944	0.83	0.891	0.89	0.845	0.958	0.883	0.789	0.551	0.893	0.0