	E-DS-623	E-JT-526	E-LS-526	E-CR-2016	E-TL-2016	E-VP-2016	E-DS-428	E-TL-Aug-2014	E-SOG-3619	E-SOG-6527	E-SOG-5527	E-TL-Jul-2014	E-SOG-5619	E-CB-2016	E-SOG-2527	E-LH-2016	E-BP-2016	E-PM-Aug-2013	E-TI-2014	E-SOG-6424	E-SOG-1619	E-JP-2016	E-SOG-2619	E-FR-2014	E-LS-428	E-SOG-7424	E-WV-Aug-2014	E-WC-2016	E-SOG-1527	E-WV-7-2014	E-LS-623	E-TB-2016	E-PM-Jula-2014	E-PM-7-2014	E-MT-526	E-Tca-2014	E-WP-526	E-PM-2016	E-SOG-4424	E-WP-623	E-SOG-4527	E-WP-428	E-JT-428	E-DU-2016	E-SOG-1424	E-JT-623	E-DU-7-2014	E-BL-2016	E-DU-Jula-2014	E-MT-623	E-MT-428	E-TC-2014	E-TL-7-2014	E-SOG-3527	E-SOG-3424	E-SOG-2424	E-SOG-6619	E-SOG-5424
E-DS-623	0.0	0.13453443	0.10538462	0.32706367	0.27985584	0.45390912	0.13948579	0.20674618	0.31862767	0.41743877	0.42348103	0.31607032	0.4461672	0.5224049	0.16898543	0.39941611	0.39489569	0.43440975	0.45499599	0.39734333	0.12020266	0.4524847	0.11938377	0.1338266	0.14134789	0.44608863	0.45060181	0.38483542	0.25333175	0.42837718	0.09442807	0.44045641	0.46888899	0.51804601	0.11852769	0.22540022	0.11142507	0.4888426	0.18398804	0.09049109	0.20986372	0.15222734	0.14686744	0.33785674	0.38068364	0.09740982	0.3925589	0.29843507	0.43263173	0.15691787	0.14384224	0.47139535	0.21852908	0.11450517	0.1611822	0.21776703	0.52801468	0.3720847
E-JT-526	0.13453443	0.0	0.10017439	0.3723915	0.30362145	0.43533063	0.13637568	0.21449289	0.32886716	0.43966044	0.44981136	0.30198703	0.46941051	0.50443875	0.15385896	0.38116984	0.37945884	0.43148508	0.43986864	0.37899582	0.15715065	0.43449703	0.17722472	0.15937531	0.12904554	0.42616744	0.45926162	0.38155169	0.23206138	0.43401013	0.1672475	0.42082744	0.45159244	0.50103798	0.11598692	0.20275545	0.09202266	0.47345711	0.18549823	0.13278822	0.21243945	0.12377253	0.12953407	0.32463121	0.38189207	0.15087927	0.40411081	0.3186883	0.42349824	0.16886662	0.09198137	0.45624064	0.20587793	0.11601242	0.14632509	0.20095586	0.54939819	0.35538315
E-LS-526	0.10538462	0.10017439	0.0	0.33979573	0.2880939	0.44300894	0.11222039	0.19724386	0.32966323	0.44522075	0.45268193	0.29567952	0.47406856	0.50478364	0.11672313	0.38418237	0.38158981	0.44416021	0.43752275	0.38380351	0.1369227	0.4422722	0.14907601	0.16577944	0.12083811	0.44372037	0.47266071	0.37881594	0.22862203	0.44219068	0.12885437	0.42932443	0.45945395	0.50034555	0.08787641	0.178521	0.06784515	0.47225044	0.17917808	0.13563733	0.20982242	0.10757512	0.11625566	0.3293524	0.38921324	0.14515708	0.40739596	0.31032115	0.43463121	0.18660861	0.103366	0.45769633	0.17993762	0.08336349	0.13531454	0.21116557	0.55227674	0.35854412
E-CR-2016	0.32706367	0.3723915	0.33979573	0.0	0.25038151	0.57203213	0.28830648	0.29002053	0.46876664	0.54097954	0.50686036	0.43994595	0.52623053	0.62626475	0.33923884	0.51305434	0.52080178	0.54384282	0.51869166	0.52755374	0.29900955	0.57269137	0.33332488	0.33654473	0.3166794	0.57541374	0.55305302	0.53168671	0.40834286	0.53484513	0.2801755	0.55201508	0.58024172	0.60604324	0.31058798	0.38925387	0.34350902	0.60409361	0.35098325	0.34259938	0.35545439	0.32026991	0.31787537	0.46572247	0.47215535	0.30036043	0.47555551	0.2461734	0.5472697	0.38789716	0.37408173	0.5609709	0.36459583	0.31773166	0.31549567	0.38549274	0.57760925	0.50795643
E-TL-2016	0.27985584	0.30362145	0.2880939	0.25038151	0.0	0.52400762	0.29116315	0.29716894	0.38843297	0.44064583	0.38142909	0.32019514	0.42440346	0.58517776	0.28519699	0.47485491	0.47364243	0.50337235	0.51875815	0.48144347	0.27796084	0.52308946	0.28856129	0.31259302	0.30046825	0.52031613	0.50092533	0.4561377	0.36548307	0.48191804	0.26769159	0.51566133	0.54137397	0.56997521	0.26087327	0.3386125	0.28716199	0.55162356	0.34239922	0.25782353	0.3229188	0.32065498	0.31293492	0.42791366	0.46105336	0.27833314	0.47911856	0.18591945	0.49527691	0.29325545	0.30707648	0.54648361	0.34392498	0.27043163	0.31037322	0.34487981	0.46005006	0.46548594
E-VP-2016	0.45390912	0.43533063	0.44300894	0.57203213	0.52400762	0.0	0.45586147	0.4574997	0.25006099	0.34694053	0.44033519	0.46124764	0.32386958	0.22454128	0.40210207	0.11743567	0.13219961	0.25288189	0.26614967	0.21276721	0.4408137	0.07789876	0.39887035	0.4476908	0.43709041	0.20373411	0.27472327	0.19229152	0.28639057	0.23353348	0.46122501	0.10019651	0.21108063	0.20265263	0.44905313	0.4286908	0.43806997	0.15197924	0.36091686	0.45692241	0.32383206	0.4532998	0.44264226	0.17909444	0.29848992	0.4672797	0.23538528	0.52721425	0.13980661	0.46941519	0.43904366	0.23431305	0.42629048	0.43692223	0.41351376	0.30807603	0.52482768	0.21762046
E-DS-428	0.13948579	0.13637568	0.11222039	0.28830648	0.29116315	0.45586147	0.0	0.15289185	0.34243132	0.45787504	0.46336546	0.31890869	0.47841789	0.51832055	0.14918064	0.39421552	0.39551318	0.43585156	0.42808814	0.3920296	0.12141499	0.45503921	0.15723946	0.15895617	0.08050272	0.4545943	0.46211202	0.41843541	0.24168428	0.42766083	0.13258642	0.43839884	0.46734574	0.50795762	0.10964844	0.21075141	0.12179936	0.48817373	0.15098317	0.16997	0.20187347	0.08253679	0.08631665	0.33966627	0.36338781	0.13920037	0.38146703	0.32164958	0.44195266	0.21384628	0.13223699	0.45559034	0.19627553	0.10510338	0.08980015	0.20260386	0.55378861	0.36948283
E-TL-Aug-2014	0.20674618	0.21449289	0.19724386	0.29002053	0.29716894	0.4574997	0.15289185	0.0	0.33841877	0.44812439	0.45421581	0.32624264	0.47644848	0.51954938	0.21499159	0.39970543	0.40105923	0.43352163	0.42061095	0.40022515	0.1968196	0.45558632	0.21230697	0.20717802	0.16862571	0.44844385	0.45052763	0.40256928	0.27292907	0.42046022	0.18845655	0.44032431	0.47010883	0.50131533	0.19813895	0.21402908	0.21350411	0.4916948	0.19734586	0.23844499	0.23143272	0.17115314	0.17016816	0.34426766	0.3616881	0.21218616	0.37515108	0.35578767	0.43454297	0.28747769	0.22019832	0.45780135	0.19434326	0.19998859	0.16952628	0.24032359	0.54944944	0.37718868
E-SOG-3619	0.31862767	0.32886716	0.32966323	0.46876664	0.38843297	0.25006099	0.34243132	0.33841877	0.0	0.30066524	0.35810992	0.37459219	0.28015215	0.32936905	0.31879508	0.2196658	0.23767714	0.29624922	0.33898456	0.24793114	0.31677291	0.24764383	0.28052632	0.33276615	0.32582588	0.2640475	0.33039576	0.19803523	0.27784796	0.24948067	0.33176614	0.25688352	0.32874966	0.3232441	0.33896336	0.36246629	0.32787164	0.29061549	0.28946817	0.33059476	0.25499393	0.35762285	0.33676189	0.19477587	0.28960399	0.34629841	0.27401871	0.4210075	0.23528426	0.3531867	0.34919267	0.35550634	0.35996127	0.32464172	0.31102401	0.24382748	0.47594311	0.24862259
E-SOG-6527	0.41743877	0.43966044	0.44522075	0.54097954	0.44064583	0.34694053	0.45787504	0.44812439	0.30066524	0.0	0.21209254	0.36697857	0.17457771	0.40559973	0.44355698	0.3482679	0.36113844	0.347903	0.37263706	0.32217176	0.42156857	0.35593349	0.38335214	0.42749911	0.44568762	0.30623182	0.36076776	0.32412567	0.3811939	0.33179937	0.4336908	0.33742606	0.39599844	0.40622848	0.45221914	0.47583987	0.4407578	0.39374003	0.38071471	0.416648	0.36451429	0.46488863	0.44968491	0.33898839	0.32469335	0.43361807	0.36961649	0.49559768	0.3500997	0.43495568	0.44868777	0.37871672	0.45808693	0.44233616	0.42818493	0.34164744	0.30355321	0.30260065
E-SOG-5527	0.42348103	0.44981136	0.45268193	0.50686036	0.38142909	0.44033519	0.46336546	0.45421581	0.35810992	0.21209254	0.0	0.33778373	0.16774103	0.51523675	0.45007268	0.44336002	0.45644094	0.43036222	0.47828596	0.42399464	0.42979099	0.44548241	0.40450214	0.44785769	0.44930064	0.4221918	0.431336	0.37614473	0.43657638	0.44522045	0.4323309	0.44584624	0.44879818	0.52318664	0.4538951	0.48503445	0.44695232	0.47047315	0.41650289	0.4280941	0.40173003	0.47877963	0.46247897	0.41963085	0.41576015	0.43680849	0.47160187	0.43079906	0.43973854	0.44192534	0.46363747	0.4919831	0.47853535	0.44660116	0.44127113	0.39236914	0.19258145	0.41247713
E-TL-Jul-2014	0.31607032	0.30198703	0.29567952	0.43994595	0.32019514	0.46124764	0.31890869	0.32624264	0.37459219	0.36697857	0.33778373	0.0	0.348397	0.5097071	0.28409983	0.42123927	0.41596881	0.47476777	0.46129169	0.42940841	0.33355922	0.46336312	0.33091439	0.34615724	0.30734493	0.46904781	0.48775943	0.43268348	0.32060213	0.45023606	0.32264149	0.46304399	0.47619263	0.50378571	0.30233639	0.28181416	0.29674245	0.49408126	0.33234778	0.31690559	0.32794542	0.32312296	0.3135827	0.406885	0.43609686	0.35639368	0.44861378	0.39332383	0.45294843	0.34603451	0.29860742	0.48431009	0.2970791	0.30469369	0.31681156	0.32417287	0.40383026	0.41663522
E-SOG-5619	0.4461672	0.46941051	0.47406856	0.52623053	0.42440346	0.32386958	0.47841789	0.47644848	0.28015215	0.17457771	0.16774103	0.348397	0.0	0.41295966	0.46645899	0.33154739	0.35184739	0.38552911	0.43069541	0.34913119	0.44139986	0.33815446	0.40709927	0.46011036	0.46295861	0.34431463	0.38238537	0.3161141	0.43627047	0.3471304	0.45442113	0.33561621	0.41167751	0.41473301	0.47050915	0.50462764	0.46880619	0.3684212	0.42056624	0.44479157	0.40626442	0.49120026	0.47720886	0.33361378	0.38386636	0.45777864	0.36826006	0.47589689	0.33370873	0.46193403	0.476148	0.43870637	0.4971233	0.46514487	0.45105254	0.38542811	0.24490988	0.34644868
E-CB-2016	0.5224049	0.50443875	0.50478364	0.62626475	0.58517776	0.22454128	0.51832055	0.51954938	0.32936905	0.40559973	0.51523675	0.5097071	0.41295966	0.0	0.46254023	0.24472711	0.22474999	0.33915141	0.26727615	0.30450097	0.50992754	0.21145176	0.47530665	0.5255696	0.50272801	0.27876829	0.40243091	0.27026874	0.34395379	0.29957138	0.52871047	0.26574573	0.29659545	0.16273943	0.51194359	0.4629028	0.50335933	0.16446708	0.44198206	0.52517537	0.40870902	0.5143598	0.50844756	0.29640874	0.37412136	0.54246228	0.33818324	0.59741301	0.28221123	0.54211339	0.5042652	0.22884043	0.48689268	0.50420503	0.48703872	0.39183463	0.59234396	0.3097117
E-SOG-2527	0.16898543	0.15385896	0.11672313	0.33923884	0.28519699	0.40210207	0.14918064	0.21499159	0.31879508	0.44355698	0.45007268	0.28409983	0.46645899	0.46254023	0.0	0.34416762	0.33372716	0.42275392	0.40358718	0.37046312	0.15208979	0.40685199	0.1598581	0.21212021	0.15089752	0.43570172	0.45358444	0.36545697	0.18040068	0.41909081	0.1699136	0.40256212	0.42816584	0.45164462	0.1176576	0.16449113	0.12820008	0.43091795	0.18611927	0.17809792	0.17979245	0.14168183	0.14548047	0.30733205	0.36903857	0.19503125	0.38809861	0.33140468	0.41410982	0.24269072	0.14705143	0.41333278	0.19215447	0.11237582	0.14175855	0.1984207	0.54503443	0.35048257
E-LH-2016	0.39941611	0.38116984	0.38418237	0.51305434	0.47485491	0.11743567	0.39421552	0.39970543	0.2196658	0.3482679	0.44336002	0.42123927	0.33154739	0.24472711	0.34416762	0.0	0.0806623	0.2891822	0.24247584	0.18766656	0.38497411	0.12165827	0.34413958	0.40022407	0.3761732	0.2292154	0.31337118	0.20184555	0.22433192	0.19415593	0.4062558	0.12574278	0.26639904	0.21028564	0.39108718	0.37762915	0.3813372	0.17258225	0.30360303	0.40515252	0.25235341	0.39508439	0.38408245	0.11462395	0.25734937	0.41586179	0.20435683	0.49053714	0.1623611	0.42744162	0.38260143	0.22911042	0.37574419	0.38020932	0.35848075	0.25091058	0.53948857	0.18129195
E-BP-2016	0.39489569	0.37945884	0.38158981	0.52080178	0.47364243	0.13219961	0.39551318	0.40105923	0.23767714	0.36113844	0.45644094	0.41596881	0.35184739	0.22474999	0.33372716	0.0806623	0.0	0.30419232	0.2448768	0.2030279	0.39184425	0.14042409	0.34787694	0.40076073	0.37376626	0.24910648	0.33091146	0.21233195	0.21816394	0.21333617	0.40059258	0.15434562	0.27553876	0.197135	0.39296758	0.36520873	0.37964696	0.16209011	0.30391375	0.39902396	0.26337409	0.38832369	0.37970137	0.12735991	0.26606757	0.41876151	0.22050163	0.49658894	0.18699444	0.42803224	0.37943475	0.2178842	0.37267043	0.38392534	0.35710375	0.2586314	0.54684763	0.20200065
E-PM-Aug-2013	0.43440975	0.43148508	0.44416021	0.54384282	0.50337235	0.25288189	0.43585156	0.43352163	0.29624922	0.347903	0.43036222	0.47476777	0.38552911	0.33915141	0.42275392	0.2891822	0.30419232	0.0	0.29199174	0.31413002	0.42424509	0.26641393	0.393744	0.43600045	0.42124766	0.3138473	0.18047838	0.33177013	0.3504827	0.26735339	0.44205484	0.21253886	0.16930976	0.3289426	0.44167602	0.46038237	0.43566196	0.34297237	0.36652027	0.44018164	0.33148669	0.45025531	0.43910769	0.29149285	0.31856719	0.44974999	0.27605651	0.51713818	0.19828302	0.455379	0.43974777	0.28732596	0.45807439	0.43223892	0.40967791	0.32573106	0.52625943	0.29704431
E-TI-2014	0.45499599	0.43986864	0.43752275	0.51869166	0.51875815	0.26614967	0.42808814	0.42061095	0.33898456	0.37263706	0.47828596	0.46129169	0.43069541	0.26727615	0.40358718	0.24247584	0.2448768	0.29199174	0.0	0.28770584	0.43350359	0.26088481	0.41080246	0.45075601	0.41731226	0.32128644	0.34259436	0.32225177	0.28753326	0.21095471	0.456403	0.23671882	0.30069332	0.21854554	0.44391286	0.43425625	0.43641464	0.28552191	0.35838303	0.46583022	0.30983235	0.43347099	0.42903749	0.27299819	0.24580253	0.46889943	0.26013611	0.54722288	0.26643172	0.48774818	0.44034273	0.1473962	0.42329335	0.433071	0.40277507	0.32117226	0.55472611	0.27166965
E-SOG-6424	0.39734333	0.37899582	0.38380351	0.52755374	0.48144347	0.21276721	0.3920296	0.40022515	0.24793114	0.32217176	0.42399464	0.42940841	0.34913119	0.30450097	0.37046312	0.18766656	0.2030279	0.31413002	0.28770584	0.0	0.38495459	0.22264151	0.3496254	0.40135073	0.37773524	0.13235478	0.33485484	0.26296297	0.2614259	0.25782089	0.40968612	0.20350592	0.32451784	0.28205322	0.39548286	0.39204783	0.37839928	0.27060405	0.28982623	0.40572222	0.28074525	0.38975827	0.38306811	0.19460233	0.21698995	0.41778817	0.27181793	0.49821984	0.2356273	0.42639734	0.38122537	0.29938582	0.38757349	0.38111258	0.35380661	0.23433498	0.52739979	0.07732505
E-SOG-1619	0.12020266	0.15715065	0.1369227	0.29900955	0.27796084	0.4408137	0.12141499	0.1968196	0.31677291	0.42156857	0.42979099	0.33355922	0.44139986	0.50992754	0.15208979	0.38497411	0.39184425	0.42424509	0.43350359	0.38495459	0.0	0.44118232	0.11134305	0.13990328	0.12496415	0.43712713	0.44285725	0.3945039	0.23557309	0.4164702	0.11474727	0.42726801	0.46061357	0.50382501	0.10689789	0.23381532	0.12807243	0.47954134	0.16300162	0.12497627	0.18857296	0.1365087	0.13508068	0.33527546	0.3545353	0.10734126	0.37322484	0.30000365	0.42934177	0.18254039	0.17379914	0.45159929	0.2160999	0.10540569	0.12199474	0.19822093	0.52505378	0.35967862
E-JP-2016	0.4524847	0.43449703	0.4422722	0.57269137	0.52308946	0.07789876	0.45503921	0.45558632	0.24764383	0.35593349	0.44548241	0.46336312	0.33815446	0.21145176	0.40685199	0.12165827	0.14042409	0.26641393	0.26088481	0.22264151	0.44118232	0.0	0.40386547	0.44617204	0.43602019	0.19538533	0.29479087	0.17091868	0.29491669	0.22828562	0.46084131	0.12551597	0.22767651	0.18969939	0.44848265	0.43234274	0.43712665	0.1247578	0.36372474	0.45609393	0.325082	0.45476732	0.44408208	0.16943686	0.30189184	0.46434764	0.23254566	0.52406589	0.15174213	0.46878213	0.43966052	0.24459863	0.42840006	0.43561811	0.41748636	0.31251757	0.53600292	0.22715996
E-SOG-2619	0.11938377	0.17722472	0.14907601	0.33332488	0.28856129	0.39887035	0.15723946	0.21230697	0.28052632	0.38335214	0.40450214	0.33091439	0.40709927	0.47530665	0.1598581	0.34413958	0.34787694	0.393744	0.41080246	0.3496254	0.11134305	0.40386547	0.0	0.15167291	0.15388892	0.39017674	0.4001435	0.35666129	0.22239966	0.38181131	0.13021764	0.38785552	0.43049588	0.46346652	0.14097228	0.24602629	0.1486409	0.44489585	0.14380843	0.14141326	0.17620295	0.16853869	0.15259543	0.28922073	0.33307489	0.12443225	0.34549921	0.3187152	0.38871074	0.19332816	0.17659975	0.42800136	0.23732217	0.13360246	0.14961385	0.17298114	0.50731271	0.32149123
E-FR-2014	0.1338266	0.15937531	0.16577944	0.33654473	0.31259302	0.4476908	0.15895617	0.20717802	0.33276615	0.42749911	0.44785769	0.34615724	0.46011036	0.5255696	0.21212021	0.40022407	0.40076073	0.43600045	0.45075601	0.40135073	0.13990328	0.44617204	0.15167291	0.0	0.16554987	0.43340743	0.44212203	0.39568852	0.26592849	0.42286684	0.14753283	0.43572041	0.47151299	0.51966451	0.15506169	0.2370699	0.16047363	0.49355566	0.18862808	0.15119499	0.2217365	0.16756756	0.1579795	0.3420782	0.37144256	0.11448966	0.37858362	0.31934803	0.43272447	0.18121791	0.1759057	0.46681139	0.20688214	0.15048093	0.16517078	0.22476173	0.5395638	0.37561022
E-LS-428	0.14134789	0.12904554	0.12083811	0.3166794	0.30046825	0.43709041	0.08050272	0.16862571	0.32582588	0.44568762	0.44930064	0.30734493	0.46295861	0.50272801	0.15089752	0.3761732	0.37376626	0.42124766	0.41731226	0.37773524	0.12496415	0.43602019	0.15388892	0.16554987	0.0	0.43458594	0.44629484	0.39962191	0.22565824	0.41018121	0.13386252	0.42096464	0.453536	0.4932213	0.12082116	0.20756807	0.1223886	0.47211735	0.13492891	0.16519922	0.17969755	0.09329607	0.08708667	0.32119503	0.35346901	0.15436295	0.37263201	0.33149752	0.41983088	0.21853926	0.12025119	0.44225164	0.20309829	0.11512942	0.08641299	0.18046484	0.54130879	0.35314361
E-SOG-7424	0.44608863	0.42616744	0.44372037	0.57541374	0.52031613	0.20373411	0.4545943	0.44844385	0.2640475	0.30623182	0.4221918	0.46904781	0.34431463	0.27876829	0.43570172	0.2292154	0.24910648	0.3138473	0.32128644	0.13235478	0.43712713	0.19538533	0.39017674	0.43340743	0.43458594	0.0	0.33148482	0.22110389	0.33504298	0.28446513	0.46143682	0.22467668	0.31981716	0.2724636	0.45130868	0.45231459	0.4387041	0.24759375	0.34277497	0.4415094	0.34489423	0.44676921	0.43109385	0.22481921	0.27102641	0.45315575	0.30658557	0.53322052	0.23891544	0.45565374	0.42820267	0.3232969	0.43579451	0.4383946	0.40891019	0.29250516	0.51587083	0.14599343
E-WV-Aug-2014	0.45060181	0.45926162	0.47266071	0.55305302	0.50092533	0.27472327	0.46211202	0.45052763	0.33039576	0.36076776	0.431336	0.48775943	0.38238537	0.40243091	0.45358444	0.31337118	0.33091146	0.18047838	0.34259436	0.33485484	0.44285725	0.29479087	0.4001435	0.44212203	0.44629484	0.33148482	0.0	0.37026509	0.37688502	0.27517795	0.45864368	0.23354986	0.18001628	0.37505758	0.4686101	0.48656737	0.46414854	0.38280097	0.37498167	0.45740212	0.35454183	0.47359369	0.46000587	0.32012171	0.31442217	0.45694117	0.27087233	0.5308882	0.20822958	0.46771386	0.46190321	0.33079418	0.48186715	0.45717294	0.43307331	0.34070286	0.52169747	0.31876239
E-WC-2016	0.38483542	0.38155169	0.37881594	0.53168671	0.4561377	0.19229152	0.41843541	0.40256928	0.19803523	0.32412567	0.37614473	0.43268348	0.3161141	0.27026874	0.36545697	0.20184555	0.21233195	0.33177013	0.32225177	0.26296297	0.3945039	0.17091868	0.35666129	0.39568852	0.39962191	0.22110389	0.37026509	0.0	0.29756293	0.29376986	0.39755037	0.24299173	0.29354867	0.27026661	0.40525411	0.39900396	0.38444755	0.1875217	0.36507292	0.39139459	0.30731246	0.4171018	0.40673402	0.19722944	0.3551224	0.4105833	0.32404606	0.46987293	0.23949847	0.40930759	0.3916899	0.33137733	0.38752214	0.39846357	0.39303386	0.31527513	0.49683778	0.26757166
E-SOG-1527	0.25333175	0.23206138	0.22862203	0.40834286	0.36548307	0.28639057	0.24168428	0.27292907	0.27784796	0.3811939	0.43657638	0.32060213	0.43627047	0.34395379	0.18040068	0.22433192	0.21816394	0.3504827	0.28753326	0.2614259	0.23557309	0.29491669	0.22239966	0.26592849	0.22565824	0.33504298	0.37688502	0.29756293	0.0	0.30413907	0.25241068	0.27998226	0.32871682	0.32285102	0.23471446	0.22373643	0.22787654	0.31322645	0.17326591	0.26420386	0.12915397	0.24206145	0.23486141	0.20478821	0.27397997	0.27176787	0.30534865	0.38908768	0.3047226	0.30143456	0.23990013	0.27740684	0.23859929	0.22373044	0.21214249	0.1373372	0.53529879	0.24144151
E-WV-7-2014	0.42837718	0.43401013	0.44219068	0.53484513	0.48191804	0.23353348	0.42766083	0.42046022	0.24948067	0.33179937	0.44522045	0.45023606	0.3471304	0.29957138	0.41909081	0.19415593	0.21333617	0.26735339	0.21095471	0.25782089	0.4164702	0.22828562	0.38181131	0.42286684	0.41018121	0.28446513	0.27517795	0.29376986	0.30413907	0.0	0.43474959	0.18806739	0.29216493	0.23658321	0.43681773	0.44905536	0.43412249	0.28639344	0.34199442	0.44245263	0.2886812	0.43943178	0.42613066	0.2085025	0.24941476	0.44701728	0.16537278	0.53250819	0.17873479	0.46406733	0.43518534	0.20000627	0.43812228	0.42370095	0.39810794	0.30338911	0.52806108	0.2461513
E-LS-623	0.09442807	0.1672475	0.12885437	0.2801755	0.26769159	0.46122501	0.13258642	0.18845655	0.33176614	0.4336908	0.4323309	0.32264149	0.45442113	0.52871047	0.1699136	0.4062558	0.40059258	0.44205484	0.456403	0.40968612	0.11474727	0.46084131	0.13021764	0.14753283	0.13386252	0.46143682	0.45864368	0.39755037	0.25241068	0.43474959	0.0	0.4473532	0.47673728	0.52399166	0.11605772	0.23462485	0.13400286	0.49635459	0.18169475	0.12274838	0.21347449	0.14355813	0.13696887	0.34407621	0.38184465	0.10708023	0.38917693	0.26987004	0.44322414	0.19610244	0.16961643	0.4730554	0.22324039	0.11293056	0.15129837	0.22122216	0.53220165	0.38408021
E-TB-2016	0.44045641	0.42082744	0.42932443	0.55201508	0.51566133	0.10019651	0.43839884	0.44032431	0.25688352	0.33742606	0.44584624	0.46304399	0.33561621	0.26574573	0.40256212	0.12574278	0.15434562	0.21253886	0.23671882	0.20350592	0.42726801	0.12551597	0.38785552	0.43572041	0.42096464	0.22467668	0.23354986	0.24299173	0.27998226	0.18806739	0.4473532	0.0	0.22069394	0.23331344	0.43468496	0.43206455	0.42373576	0.21158247	0.34512039	0.44762774	0.29650119	0.43928595	0.42932397	0.16902773	0.25947899	0.45483249	0.19160189	0.52509442	0.11620508	0.46601954	0.42488475	0.23469024	0.43089369	0.4209751	0.40003381	0.28838276	0.52492789	0.19627603
E-PM-Jula-2014	0.46888899	0.45159244	0.45945395	0.58024172	0.54137397	0.21108063	0.46734574	0.47010883	0.32874966	0.39599844	0.44879818	0.47619263	0.41167751	0.29659545	0.42816584	0.26639904	0.27553876	0.16930976	0.30069332	0.32451784	0.46061357	0.22767651	0.43049588	0.47151299	0.453536	0.31981716	0.18001628	0.29354867	0.32871682	0.29216493	0.47673728	0.22069394	0.0	0.309828	0.46660388	0.45365671	0.45553058	0.28390211	0.39947833	0.47513422	0.35510825	0.47005849	0.46609329	0.30604637	0.36502167	0.48529353	0.31119475	0.54478522	0.19375092	0.48898528	0.45985545	0.26057436	0.45285651	0.45752278	0.43992439	0.3479161	0.54763043	0.31401515
E-PM-7-2014	0.51804601	0.50103798	0.50034555	0.60604324	0.56997521	0.20265263	0.50795762	0.50131533	0.3232441	0.40622848	0.52318664	0.50378571	0.41473301	0.16273943	0.45164462	0.21028564	0.197135	0.3289426	0.21854554	0.28205322	0.50382501	0.18969939	0.46346652	0.51966451	0.4932213	0.2724636	0.37505758	0.27026661	0.32285102	0.23658321	0.52399166	0.23331344	0.309828	0.0	0.50938884	0.45820743	0.49956878	0.16017277	0.42825823	0.52135726	0.38025783	0.50860291	0.50267451	0.26344241	0.34162093	0.53750723	0.28768139	0.59675868	0.25248704	0.53963026	0.49859043	0.17263208	0.47779725	0.50045608	0.47628829	0.38472424	0.59388293	0.29082865
E-MT-526	0.11852769	0.11598692	0.08787641	0.31058798	0.26087327	0.44905313	0.10964844	0.19813895	0.33896336	0.45221914	0.4538951	0.30233639	0.47050915	0.51194359	0.1176576	0.39108718	0.39296758	0.44167602	0.44391286	0.39548286	0.10689789	0.44848265	0.14097228	0.15506169	0.12082116	0.45130868	0.4686101	0.40525411	0.23471446	0.43681773	0.11605772	0.43468496	0.46660388	0.50938884	0.0	0.19070007	0.0795893	0.48254585	0.17573251	0.12623674	0.20693791	0.12237005	0.12116179	0.33381823	0.38643559	0.12976027	0.40391253	0.29024194	0.4350108	0.18634674	0.12907967	0.46242514	0.20025551	0.06384608	0.12744525	0.20726936	0.55041151	0.36953009
E-Tca-2014	0.22540022	0.20275545	0.178521	0.38925387	0.3386125	0.4286908	0.21075141	0.21402908	0.36246629	0.47583987	0.48503445	0.28181416	0.50462764	0.4629028	0.16449113	0.37762915	0.36520873	0.46038237	0.43425625	0.39204783	0.23381532	0.43234274	0.24602629	0.2370699	0.20756807	0.45231459	0.48656737	0.39900396	0.22373643	0.44905536	0.23462485	0.43206455	0.45365671	0.45820743	0.19070007	0.0	0.19918327	0.4335485	0.2278013	0.25201863	0.26672816	0.19838362	0.20025098	0.34143168	0.4076322	0.2542401	0.42009528	0.38610869	0.43932177	0.30032943	0.20607044	0.42900337	0.09776264	0.19788499	0.2068217	0.24839863	0.57200296	0.37371992
E-WP-526	0.11142507	0.09202266	0.06784515	0.34350902	0.28716199	0.43806997	0.12179936	0.21350411	0.32787164	0.4407578	0.44695232	0.29674245	0.46880619	0.50335933	0.12820008	0.3813372	0.37964696	0.43566196	0.43641464	0.37839928	0.12807243	0.43712665	0.1486409	0.16047363	0.1223886	0.4387041	0.46414854	0.38444755	0.22787654	0.43412249	0.13400286	0.42373576	0.45553058	0.49956878	0.0795893	0.19918327	0.0	0.47098793	0.18051591	0.11929706	0.20114287	0.12317869	0.12641057	0.32412153	0.38115797	0.13905565	0.40297705	0.30413652	0.42580838	0.16881326	0.10692775	0.45430286	0.19883235	0.0828906	0.13904993	0.20343358	0.54778555	0.35502367
E-PM-2016	0.4888426	0.47345711	0.47225044	0.60409361	0.55162356	0.15197924	0.48817373	0.4916948	0.29061549	0.39374003	0.47047315	0.49408126	0.3684212	0.16446708	0.43091795	0.17258225	0.16209011	0.34297237	0.28552191	0.27060405	0.47954134	0.1247578	0.44489585	0.49355566	0.47211735	0.24759375	0.38280097	0.1875217	0.31322645	0.28639344	0.49635459	0.21158247	0.28390211	0.16017277	0.48254585	0.4335485	0.47098793	0.0	0.41012784	0.49376991	0.36557448	0.48744488	0.48126874	0.22382838	0.35422878	0.50776888	0.30194822	0.56131981	0.23697523	0.51026287	0.47785408	0.24630035	0.45197846	0.47320063	0.45599204	0.35806489	0.5529356	0.27761758
E-SOG-4424	0.18398804	0.18549823	0.17917808	0.35098325	0.34239922	0.36091686	0.15098317	0.19734586	0.28946817	0.38071471	0.41650289	0.33234778	0.42056624	0.44198206	0.18611927	0.30360303	0.30391375	0.36652027	0.35838303	0.28982623	0.16300162	0.36372474	0.14380843	0.18862808	0.13492891	0.34277497	0.37498167	0.36507292	0.17326591	0.34199442	0.18169475	0.34512039	0.39947833	0.42825823	0.17573251	0.2278013	0.18051591	0.41012784	0.0	0.21192023	0.15559346	0.15752082	0.13874418	0.25151458	0.25978898	0.19730806	0.30551746	0.36550467	0.35774651	0.26468031	0.18642394	0.37619279	0.22614194	0.16817917	0.11446	0.11127809	0.51669596	0.2628221
E-WP-623	0.09049109	0.13278822	0.13563733	0.34259938	0.25782353	0.45692241	0.16997	0.23844499	0.33059476	0.416648	0.4280941	0.31690559	0.44479157	0.52517537	0.17809792	0.40515252	0.39902396	0.44018164	0.46583022	0.40572222	0.12497627	0.45609393	0.14141326	0.15119499	0.16519922	0.4415094	0.45740212	0.39139459	0.26420386	0.44245263	0.12274838	0.44762774	0.47513422	0.52135726	0.12623674	0.25201863	0.11929706	0.49376991	0.21192023	0.0	0.21922559	0.17962143	0.17718725	0.34992975	0.39216941	0.11874361	0.40761239	0.28142146	0.44125036	0.12611948	0.14273831	0.48263504	0.24829581	0.12837036	0.18645575	0.23076854	0.52418301	0.38227011
E-SOG-4527	0.20986372	0.21243945	0.20982242	0.35545439	0.3229188	0.32383206	0.20187347	0.23143272	0.25499393	0.36451429	0.40173003	0.32794542	0.40626442	0.40870902	0.17979245	0.25235341	0.26337409	0.33148669	0.30983235	0.28074525	0.18857296	0.325082	0.17620295	0.2217365	0.17969755	0.34489423	0.35454183	0.30731246	0.12915397	0.2886812	0.21347449	0.29650119	0.35510825	0.38025783	0.20693791	0.26672816	0.20114287	0.36557448	0.15559346	0.21922559	0.0	0.21428128	0.19938914	0.2086049	0.26200292	0.22464678	0.2629527	0.35417285	0.30904459	0.25694309	0.216766	0.33190423	0.2641232	0.19259811	0.1721711	0.12797907	0.50673848	0.26083164
E-WP-428	0.15222734	0.12377253	0.10757512	0.32026991	0.32065498	0.4532998	0.08253679	0.17115314	0.35762285	0.46488863	0.47877963	0.32312296	0.49120026	0.5143598	0.14168183	0.39508439	0.38832369	0.45025531	0.43347099	0.38975827	0.1365087	0.45476732	0.16853869	0.16756756	0.09329607	0.44676921	0.47359369	0.4171018	0.24206145	0.43943178	0.14355813	0.43928595	0.47005849	0.50860291	0.12237005	0.19838362	0.12317869	0.48744488	0.15752082	0.17962143	0.21428128	0.0	0.0657802	0.3398829	0.37606716	0.15355296	0.39731864	0.34905061	0.44450581	0.22678617	0.1114296	0.45759753	0.18243198	0.11341579	0.09537236	0.20552101	0.56418144	0.36409408
E-JT-428	0.14686744	0.12953407	0.11625566	0.31787537	0.31293492	0.44264226	0.08631665	0.17016816	0.33676189	0.44968491	0.46247897	0.3135827	0.47720886	0.50844756	0.14548047	0.38408245	0.37970137	0.43910769	0.42903749	0.38306811	0.13508068	0.44408208	0.15259543	0.1579795	0.08708667	0.43109385	0.46000587	0.40673402	0.23486141	0.42613066	0.13696887	0.42932397	0.46609329	0.50267451	0.12116179	0.20025098	0.12641057	0.48126874	0.13874418	0.17718725	0.19938914	0.0657802	0.0	0.32548386	0.36411502	0.15107458	0.38977576	0.34725361	0.43261613	0.22932905	0.1170249	0.45521589	0.18356132	0.11192641	0.0802048	0.19268579	0.55021238	0.35536276
E-DU-2016	0.33785674	0.32463121	0.3293524	0.46572247	0.42791366	0.17909444	0.33966627	0.34426766	0.19477587	0.33898839	0.41963085	0.406885	0.33361378	0.29640874	0.30733205	0.11462395	0.12735991	0.29149285	0.27299819	0.19460233	0.33527546	0.16943686	0.28922073	0.3420782	0.32119503	0.22481921	0.32012171	0.19722944	0.20478821	0.2085025	0.34407621	0.16902773	0.30604637	0.26344241	0.33381823	0.34143168	0.32412153	0.22382838	0.25151458	0.34992975	0.2086049	0.3398829	0.32548386	0.0	0.26772338	0.35569962	0.20623468	0.43616159	0.18574229	0.37455871	0.33132252	0.28883543	0.3397515	0.32344273	0.30515892	0.20588115	0.52920602	0.1928416
E-SOG-1424	0.38068364	0.38189207	0.38921324	0.47215535	0.46105336	0.29848992	0.36338781	0.3616881	0.28960399	0.32469335	0.41576015	0.43609686	0.38386636	0.37412136	0.36903857	0.25734937	0.26606757	0.31856719	0.24580253	0.21698995	0.3545353	0.30189184	0.33307489	0.37144256	0.35346901	0.27102641	0.31442217	0.3551224	0.27397997	0.24941476	0.38184465	0.25947899	0.36502167	0.34162093	0.38643559	0.4076322	0.38115797	0.35422878	0.25978898	0.39216941	0.26200292	0.37606716	0.36411502	0.26772338	0.0	0.39067206	0.25330978	0.48117577	0.30094865	0.41301971	0.38702174	0.25380539	0.39502986	0.37069125	0.32310166	0.21891597	0.51416502	0.1954098
E-JT-623	0.09740982	0.15087927	0.14515708	0.30036043	0.27833314	0.4672797	0.13920037	0.21218616	0.34629841	0.43361807	0.43680849	0.35639368	0.45777864	0.54246228	0.19503125	0.41586179	0.41876151	0.44974999	0.46889943	0.41778817	0.10734126	0.46434764	0.12443225	0.11448966	0.15436295	0.45315575	0.45694117	0.4105833	0.27176787	0.44701728	0.10708023	0.45483249	0.48529353	0.53750723	0.12976027	0.2542401	0.13905565	0.50776888	0.19730806	0.11874361	0.22464678	0.15355296	0.15107458	0.35569962	0.39067206	0.0	0.39624382	0.28661655	0.45365075	0.15153503	0.17004008	0.48520687	0.22232814	0.12821213	0.1642531	0.23544749	0.53712932	0.38925572
E-DU-7-2014	0.3925589	0.40411081	0.40739596	0.47555551	0.47911856	0.23538528	0.38146703	0.37515108	0.27401871	0.36961649	0.47160187	0.44861378	0.36826006	0.33818324	0.38809861	0.20435683	0.22050163	0.27605651	0.26013611	0.27181793	0.37322484	0.23254566	0.34549921	0.37858362	0.37263201	0.30658557	0.27087233	0.32404606	0.30534865	0.16537278	0.38917693	0.19160189	0.31119475	0.28768139	0.40391253	0.42009528	0.40297705	0.30194822	0.30551746	0.40761239	0.2629527	0.39731864	0.38977576	0.20623468	0.25330978	0.39624382	0.0	0.49193365	0.19533775	0.42782751	0.41033004	0.27589641	0.40575254	0.39204723	0.35801362	0.28599385	0.5574208	0.26010096
E-BL-2016	0.29843507	0.3186883	0.31032115	0.2461734	0.18591945	0.52721425	0.32164958	0.35578767	0.4210075	0.49559768	0.43079906	0.39332383	0.47589689	0.59741301	0.33140468	0.49053714	0.49658894	0.51713818	0.54722288	0.49821984	0.30000365	0.52406589	0.3187152	0.31934803	0.33149752	0.53322052	0.5308882	0.46987293	0.38908768	0.53250819	0.26987004	0.52509442	0.54478522	0.59675868	0.29024194	0.38610869	0.30413652	0.56131981	0.36550467	0.28142146	0.35417285	0.34905061	0.34725361	0.43616159	0.48117577	0.28661655	0.49193365	0.0	0.52255858	0.30092824	0.32972349	0.56276382	0.39065561	0.29018836	0.34640345	0.36716662	0.50878279	0.47935319
E-DU-Jula-2014	0.43263173	0.42349824	0.43463121	0.5472697	0.49527691	0.13980661	0.44195266	0.43454297	0.23528426	0.3500997	0.43973854	0.45294843	0.33370873	0.28221123	0.41410982	0.1623611	0.18699444	0.19828302	0.26643172	0.2356273	0.42934177	0.15174213	0.38871074	0.43272447	0.41983088	0.23891544	0.20822958	0.23949847	0.3047226	0.17873479	0.44322414	0.11620508	0.19375092	0.25248704	0.4350108	0.43932177	0.42580838	0.23697523	0.35774651	0.44125036	0.30904459	0.44450581	0.43261613	0.18574229	0.30094865	0.45365075	0.19533775	0.52255858	0.0	0.45752452	0.42989725	0.26679148	0.43698623	0.42514782	0.40827445	0.30529378	0.53114343	0.23679361
E-MT-623	0.15691787	0.16886662	0.18660861	0.38789716	0.29325545	0.46941519	0.21384628	0.28747769	0.3531867	0.43495568	0.44192534	0.34603451	0.46193403	0.54211339	0.24269072	0.42744162	0.42803224	0.455379	0.48774818	0.42639734	0.18254039	0.46878213	0.19332816	0.18121791	0.21853926	0.45565374	0.46771386	0.40930759	0.30143456	0.46406733	0.19610244	0.46601954	0.48898528	0.53963026	0.18634674	0.30032943	0.16881326	0.51026287	0.26468031	0.12611948	0.25694309	0.22678617	0.22932905	0.37455871	0.41301971	0.15153503	0.42782751	0.30092824	0.45752452	0.0	0.16718593	0.50451542	0.29260233	0.18579778	0.23897559	0.27015418	0.53278971	0.40302097
E-MT-428	0.14384224	0.09198137	0.103366	0.37408173	0.30707648	0.43904366	0.13223699	0.22019832	0.34919267	0.44868777	0.46363747	0.29860742	0.476148	0.5042652	0.14705143	0.38260143	0.37943475	0.43974777	0.44034273	0.38122537	0.17379914	0.43966052	0.17659975	0.1759057	0.12025119	0.42820267	0.46190321	0.3916899	0.23990013	0.43518534	0.16961643	0.42488475	0.45985545	0.49859043	0.12907967	0.20607044	0.10692775	0.47785408	0.18642394	0.14273831	0.216766	0.1114296	0.1170249	0.33132252	0.38702174	0.17004008	0.41033004	0.32972349	0.42989725	0.16718593	0.0	0.45713221	0.21962154	0.11803357	0.1408642	0.20846647	0.55155662	0.35908802
E-TC-2014	0.47139535	0.45624064	0.45769633	0.5609709	0.54648361	0.23431305	0.45559034	0.45780135	0.35550634	0.37871672	0.4919831	0.48431009	0.43870637	0.22884043	0.41333278	0.22911042	0.2178842	0.28732596	0.1473962	0.29938582	0.45159929	0.24459863	0.42800136	0.46681139	0.44225164	0.3232969	0.33079418	0.33137733	0.27740684	0.20000627	0.4730554	0.23469024	0.26057436	0.17263208	0.46242514	0.42900337	0.45430286	0.24630035	0.37619279	0.48263504	0.33190423	0.45759753	0.45521589	0.28883543	0.25380539	0.48520687	0.27589641	0.56276382	0.26679148	0.50451542	0.45713221	0.0	0.43345963	0.45041146	0.42757123	0.32849018	0.57017145	0.28052081
E-TL-7-2014	0.21852908	0.20587793	0.17993762	0.36459583	0.34392498	0.42629048	0.19627553	0.19434326	0.35996127	0.45808693	0.47853535	0.2970791	0.4971233	0.48689268	0.19215447	0.37574419	0.37267043	0.45807439	0.42329335	0.38757349	0.2160999	0.42840006	0.23732217	0.20688214	0.20309829	0.43579451	0.48186715	0.38752214	0.23859929	0.43812228	0.22324039	0.43089369	0.45285651	0.47779725	0.20025551	0.09776264	0.19883235	0.45197846	0.22614194	0.24829581	0.2641232	0.18243198	0.18356132	0.3397515	0.39502986	0.22232814	0.40575254	0.39065561	0.43698623	0.29260233	0.21962154	0.43345963	0.0	0.20504965	0.2013856	0.24749111	0.56704242	0.36698188
E-SOG-3527	0.11450517	0.11601242	0.08336349	0.31773166	0.27043163	0.43692223	0.10510338	0.19998859	0.32464172	0.44233616	0.44660116	0.30469369	0.46514487	0.50420503	0.11237582	0.38020932	0.38392534	0.43223892	0.433071	0.38111258	0.10540569	0.43561811	0.13360246	0.15048093	0.11512942	0.4383946	0.45717294	0.39846357	0.22373044	0.42370095	0.11293056	0.4209751	0.45752278	0.50045608	0.06384608	0.19788499	0.0828906	0.47320063	0.16817917	0.12837036	0.19259811	0.11341579	0.11192641	0.32344273	0.37069125	0.12821213	0.39204723	0.29018836	0.42514782	0.18579778	0.11803357	0.45041146	0.20504965	0.0	0.11809037	0.19574486	0.54416559	0.35764909
E-SOG-3424	0.1611822	0.14632509	0.13531454	0.31549567	0.31037322	0.41351376	0.08980015	0.16952628	0.31102401	0.42818493	0.44127113	0.31681156	0.45105254	0.48703872	0.14175855	0.35848075	0.35710375	0.40967791	0.40277507	0.35380661	0.12199474	0.41748636	0.14961385	0.16517078	0.08641299	0.40891019	0.43307331	0.39303386	0.21214249	0.39810794	0.15129837	0.40003381	0.43992439	0.47628829	0.12744525	0.2068217	0.13904993	0.45599204	0.11446	0.18645575	0.1721711	0.09537236	0.0802048	0.30515892	0.32310166	0.1642531	0.35801362	0.34640345	0.40827445	0.23897559	0.1408642	0.42757123	0.2013856	0.11809037	0.0	0.16310237	0.53254388	0.33071878
E-SOG-2424	0.21776703	0.20095586	0.21116557	0.38549274	0.34487981	0.30807603	0.20260386	0.24032359	0.24382748	0.34164744	0.39236914	0.32417287	0.38542811	0.39183463	0.1984207	0.25091058	0.2586314	0.32573106	0.32117226	0.23433498	0.19822093	0.31251757	0.17298114	0.22476173	0.18046484	0.29250516	0.34070286	0.31527513	0.1373372	0.30338911	0.22122216	0.28838276	0.3479161	0.38472424	0.20726936	0.24839863	0.20343358	0.35806489	0.11127809	0.23076854	0.12797907	0.20552101	0.19268579	0.20588115	0.21891597	0.23544749	0.28599385	0.36716662	0.30529378	0.27015418	0.20846647	0.32849018	0.24749111	0.19574486	0.16310237	0.0	0.50317149	0.20851933
E-SOG-6619	0.52801468	0.54939819	0.55227674	0.57760925	0.46005006	0.52482768	0.55378861	0.54944944	0.47594311	0.30355321	0.19258145	0.40383026	0.24490988	0.59234396	0.54503443	0.53948857	0.54684763	0.52625943	0.55472611	0.52739979	0.52505378	0.53600292	0.50731271	0.5395638	0.54130879	0.51587083	0.52169747	0.49683778	0.53529879	0.52806108	0.53220165	0.52492789	0.54763043	0.59388293	0.55041151	0.57200296	0.54778555	0.5529356	0.51669596	0.52418301	0.50673848	0.56418144	0.55021238	0.52920602	0.51416502	0.53712932	0.5574208	0.50878279	0.53114343	0.53278971	0.55155662	0.57017145	0.56704242	0.54416559	0.53254388	0.50317149	0.0	0.51451024
E-SOG-5424	0.3720847	0.35538315	0.35854412	0.50795643	0.46548594	0.21762046	0.36948283	0.37718868	0.24862259	0.30260065	0.41247713	0.41663522	0.34644868	0.3097117	0.35048257	0.18129195	0.20200065	0.29704431	0.27166965	0.07732505	0.35967862	0.22715996	0.32149123	0.37561022	0.35314361	0.14599343	0.31876239	0.26757166	0.24144151	0.2461513	0.38408021	0.19627603	0.31401515	0.29082865	0.36953009	0.37371992	0.35502367	0.27761758	0.2628221	0.38227011	0.26083164	0.36409408	0.35536276	0.1928416	0.1954098	0.38925572	0.26010096	0.47935319	0.23679361	0.40302097	0.35908802	0.28052081	0.36698188	0.35764909	0.33071878	0.20851933	0.51451024	0.0